#TESTNET CREDENTIAL
MYACCOUNT_ID = 0.0.3885392
MYACCOUNT_PBKEY = 302a300506032b65700321009d69a238d6263b6901b17220a0da0e4f457d712475532228a58d69c2f18e5cc4
MYACCOUNT_PVKEY = 302e020100300506032b657004220420eb2c1ba7963c97c8b691bff881a47df81d8e3ecef7ccbe186fc4ba1a44e89464

#--------------------------------Account1 Info------------------------------
ACCOUNT_ID1 = 0.0.4010622
ACCOUNT_ID1_PVKEY = 302e020100300506032b657004220420cc369b7d696df2941fda9456783cffbdb0bc3b8be68340f8aa5f638e34c06e79
ACCOUNT_ID1_PBKEY = 302a300506032b65700321006197225fc1a78ca84ac00d1cce4cf6cd4d56c9a63f2dafae6a24accef12a52a8

   
#--------------------------------Account2 Info------------------------------
ACCOUNT_ID2 = 0.0.4010623
ACCOUNT_ID2_PVKEY = 302e020100300506032b65700422042063df57879d6bc4507841a94ae7e4e03b55e556e76b5e4c49acd3cd954720a606
ACCOUNT_ID2_PBKEY = 302a300506032b6570032100e2e9695bf4f7aa200460190137a03a7197e32ca927c009cb61b8fd6adee3be1b
   
#--------------------------------Account3 Info------------------------------
ACCOUNT_ID3 = 0.0.4010624
ACCOUNT_ID3_PVKEY = 302e020100300506032b657004220420aa107ef2c6f2169a886e449060e65a32327eb4fda5b623f2d343b8d47bbafd84
ACCOUNT_ID3_PBKEY = 302a300506032b6570032100d6252b4668ded511c6108c5c6a13b3e562c7d533d44fd93718a61d73a555d313

   
#--------------------------------Account4 Info------------------------------
ACCOUNT_ID4 = 0.0.4010625
ACCOUNT_ID4_PVKEY = 302e020100300506032b657004220420f3b0f9c67f0ee3bc2cefe7eb6f81c93931ba522077f3f5e4efd78d188f0d56fa
ACCOUNT_ID4_PBKEY = 302a300506032b6570032100589fc3cba30c97554240f6912aa441d71ca4243203fbf98fd2405c79af7588bb

   
#--------------------------------Account5 Info------------------------------
ACCOUNT_ID5 = 0.0.4010626
ACCOUNT_ID5_PVKEY = 302e020100300506032b657004220420d3a179f727d4699513c1219d1cbc031cf3da1ba7b000af05747630ba636b1762
ACCOUNT_ID5_PBKEY = 302a300506032b65700321005cdeff25e9745d9054e281f51368f437df70e0b07cf7aa5e2c03def2aeae687f

 #----------------------our created topic Id-----------------------------------
TopicID = 0.0.4010672

#-----------------------TokenID---------------------------------
TokenID = 0.0.4010884

KYC_TokenID = 0.0.4012698