#TESTNET CREDENTIAL
MYACCOUNT_ID = 0.0.3885392
MYACCOUNT_PBKEY = 302a300506032b65700321009d69a238d6263b6901b17220a0da0e4f457d712475532228a58d69c2f18e5cc4
MYACCOUNT_PVKEY = 302e020100300506032b657004220420eb2c1ba7963c97c8b691bff881a47df81d8e3ecef7ccbe186fc4ba1a44e89464

#--------------------------------Account1 Info------------------------------
ACCOUNT_ID1 = 0.0.4010622
ACCOUNT_ID1_PVKEY = 302e020100300506032b657004220420cc369b7d696df2941fda9456783cffbdb0bc3b8be68340f8aa5f638e34c06e79
ACCOUNT_ID1_PBKEY = 302a300506032b65700321006197225fc1a78ca84ac00d1cce4cf6cd4d56c9a63f2dafae6a24accef12a52a8
